


 29 31  0  0000  0  0  0  0  0999 V2000
    4.9427   -6.3873    0.0000 C   0  0  0  0  0  0  0  0  0  0  0
    3.7956   -5.7217    0.0000 C   0  0  0  0  0  0  0  0  0  0  0
    3.6398   -4.4045    0.0000 C   0  0  0  0  0  0  0  0  0  0  0
    2.3227   -4.1496    0.0000 O   0  0  0  0  0  0  0  0  0  0  0
    2.5917   -6.2882    0.0000 C   0  0  0  0  0  0  0  0  0  0  0
    1.6853   -5.3109    0.0000 C   0  0  0  0  0  0  0  0  0  0  0
    0.3824   -5.6225    0.0000 C   0  0  0  0  0  0  0  0  0  0  0
    0.0000   -6.8830    0.0000 C   0  0  0  0  0  0  0  0  0  0  0
    0.9064   -7.8602    0.0000 C   0  0  0  0  0  0  0  0  0  0  0
    2.2094   -7.5628    0.0000 C   0  0  0  0  0  0  0  0  0  0  0
    4.9427   -7.7186    0.0000 O   0  0  0  0  0  0  0  0  0  0  0
    6.1040   -5.7217    0.0000 C   0  0  0  0  0  0  0  0  0  0  0
    7.2512   -3.7247    0.0000 C   0  0  0  0  0  0  0  0  0  0  0
    6.1040   -4.3904    0.0000 C   0  0  0  0  0  0  0  0  0  0  0
    7.2512   -6.3873    0.0000 C   0  0  0  0  0  0  0  0  0  0  0
    8.3984   -5.7217    0.0000 C   0  0  0  0  0  0  0  0  0  0  0
    8.3984   -4.3904    0.0000 C   0  0  0  0  0  0  0  0  0  0  0
    7.2512   -2.4076    0.0000 I   0  0  0  0  0  0  0  0  0  0  0
    9.5597   -6.3873    0.0000 I   0  0  0  0  0  0  0  0  0  0  0
    9.5597   -3.7247    0.0000 O   0  0  0  0  0  0  0  0  0  0  0
   10.7069   -4.3904    0.0000 C   0  0  0  0  0  0  0  0  0  0  0
   11.8540   -3.7247    0.0000 C   0  0  0  0  0  0  0  0  0  0  0
   13.0153   -4.3904    0.0000 N   0  0  0  0  0  0  0  0  0  0  0
   13.0153   -5.7217    0.0000 C   0  0  0  0  0  0  0  0  0  0  0
   14.1625   -6.3873    0.0000 C   0  0  0  0  0  0  0  0  0  0  0
    4.6028   -3.4981    0.0000 C   0  0  0  0  0  0  0  0  0  0  0
    4.3054   -2.2094    0.0000 C   0  0  0  0  0  0  0  0  0  0  0
    5.2826   -1.2888    0.0000 C   0  0  0  0  0  0  0  0  0  0  0
    4.9852    0.0000    0.0000 C   0  0  0  0  0  0  0  0  0  0  0
  1 12  1  0
  1  2  1  0
  1 11  2  0
  2  5  1  0
  2  3  2  0
  3  4  1  0
  3 26  1  0
  4  6  1  0
  5 10  1  0
  5  6  2  0
  6  7  1  0
  7  8  2  0
  8  9  1  0
  9 10  2  0
 12 14  2  0
 12 15  1  0
 13 14  1  0
 13 17  2  0
 13 18  1  0
 15 16  2  0
 16 17  1  0
 16 19  1  0
 17 20  1  0
 20 21  1  0
 21 22  1  0
 22 23  1  0
 23 24  1  0
 24 25  1  0
 26 27  1  0
 27 28  1  0
 28 29  1  0
M  END

> <StdInChI>
InChI=1S/C23H25I2NO3/c1-3-5-9-20-21(16-8-6-7-10-19(16)29-20)22(27)15-13-17(24)23(18(25)14-15)28-12-11-26-4-2/h6-8,10,13-14,26H,3-5,9,11-12H2,1-2H3

> <StdInChIKey>
VXOKDLACQICQFA-UHFFFAOYSA-N

> <AuxInfo>
1/0/N:29,25,28,24,27,9,8,10,26,7,22,21,14,15,12,5,13,16,6,3,2,1,17,18,19,23,11,20,4/E:(13,14)(17,18)(24,25)/rA:29nCCCOCCCCCCOCCCCCCIIOCCNCCCCCC/rB:s1;d2;s3;s2;s4d5;s6;d7;s8;s5d9;d1;s1;;d12s13;s12;d15;d13s16;s13;s16;s17;s20;s21;s22;s23;s24;s3;s26;s27;s28;/rC:4.9427,-6.3873,0;3.7956,-5.7217,0;3.6398,-4.4045,0;2.3227,-4.1496,0;2.5917,-6.2882,0;1.6853,-5.3109,0;.3824,-5.6225,0;0,-6.883,0;.9064,-7.8602,0;2.2094,-7.5628,0;4.9427,-7.7186,0;6.104,-5.7217,0;7.2512,-3.7247,0;6.104,-4.3904,0;7.2512,-6.3873,0;8.3984,-5.7217,0;8.3984,-4.3904,0;7.2512,-2.4076,0;9.5597,-6.3873,0;9.5597,-3.7247,0;10.7069,-4.3904,0;11.854,-3.7247,0;13.0153,-4.3904,0;13.0153,-5.7217,0;14.1625,-6.3873,0;4.6028,-3.4981,0;4.3054,-2.2094,0;5.2826,-1.2888,0;4.9852,0,0;

> <Formula>
C23 H25 I2 N O3

> <Mw>
617.2584

> <SMILES>
C(=O)(C1=C(CCCC)OC2C=CC=CC1=2)C1C=C(I)C(OCCNCC)=C(I)C=1

> <CSID>
94581

$$$$
